# x; y
       0.8     10.523 
     0.804      9.938 
     0.808     9.3705 
     0.812     8.8216 
     0.816     8.2909 
      0.82     7.7779 
     0.824     7.2829 
     0.828     6.8061 
     0.832     6.3471 
     0.836     5.9059 
      0.84     5.4822 
     0.844     5.0761 
     0.848     4.6873 
     0.852     4.3156 
     0.856     3.9609 
      0.86      3.623 
     0.864     3.3015 
     0.868     2.9958 
     0.872     2.7074 
     0.876     2.4337 
      0.88     2.1779 
     0.884     1.9365 
     0.888     1.7095 
     0.892      1.499 
     0.896     1.3035 
       0.9     1.1224 
     0.904    0.95566 
     0.908     0.8033 
     0.912    0.66424 
     0.916    0.54023 
      0.92    0.42967 
     0.924    0.33163 
     0.928    0.24784 
     0.932    0.17536 
     0.936    0.11709 
      0.94   0.071431 
     0.944   0.037309 
     0.948   0.014981 
     0.952  0.0035139 
   0.95454          0 
     0.956  0.0046104 
      0.96   0.016274 
     0.964   0.038377 
     0.968   0.073626 
     0.972    0.11765 
     0.976    0.17232 
      0.98     0.2374 
     0.984     0.3123 
     0.988    0.39276 
     0.992    0.48232 
     0.996    0.58498 
         1    0.69621 
     1.004    0.81469 
     1.008      0.945 
     1.012     1.0827 
     1.016     1.2286 
      1.02     1.3838 
     1.024      1.699 
     1.028     1.8394 
     1.032     1.9815 
     1.036     2.1434 
      1.04     2.2944 
     1.044     2.4773 
     1.048     2.6381 
     1.052     2.8246 
     1.056     3.0239 
      1.06     3.2321 
     1.064     3.4591 
     1.068     3.6557 
     1.072     3.8876 
     1.076     4.1388 
      1.08     4.3757 
     1.084     4.6299 
     1.088     4.8847 
     1.092     5.1499 
     1.096      5.427 
       1.1       5.71 
     1.104     5.9989 
     1.108     6.2943 
     1.112     6.5964 
     1.116     6.9052 
      1.12     7.2204 
     1.124     7.5423 
     1.128     7.8709 
     1.132      8.195 
     1.136     8.5262 
      1.14     8.8654 
     1.144     9.2103 
     1.148     9.5644 
     1.152     9.9142 
     1.156     10.279 
      1.16     10.642 
     1.164     11.018 
     1.168     11.399 
     1.172     11.776 
     1.176     12.168 
      1.18     12.565 
     1.184     12.966 
     1.188     13.372 
     1.192     13.783 
     1.196     14.199 
